# Temperatura_=_20.0
# Concentracion g/m^3_=_8200.0
# C_Vs_to_Am_M_A/Vsm_=_116720831517.84952
# pendiente_HvsI_1/m_=_3716.3
# ordenada_HvsI_A/m_=_1297.0
# frecuencia_Hz_=_213141.02735522756
# Promedio de 36 ciclos

Tiempo_(s)	Campo_(V.s)	Magnetizacion_(V.s)	Campo_(kA/m)	Magnetizacion_(A/m)
0.000000e+00	-4.525661e-09	-3.077489e-09	-3.833473e+01	-3.634813e+02
1.000000e-08	-4.525392e-09	-3.082213e-09	-3.833244e+01	-3.633877e+02
2.000000e-08	-4.524287e-09	-3.088004e-09	-3.832309e+01	-3.632604e+02
3.000000e-08	-4.522119e-09	-3.089202e-09	-3.830472e+01	-3.631055e+02
4.000000e-08	-4.518996e-09	-3.089715e-09	-3.827827e+01	-3.629304e+02
5.000000e-08	-4.515191e-09	-3.089986e-09	-3.824604e+01	-3.627428e+02
6.000000e-08	-4.510790e-09	-3.080186e-09	-3.820876e+01	-3.625503e+02
7.000000e-08	-4.505684e-09	-3.053392e-09	-3.816551e+01	-3.623604e+02
8.000000e-08	-4.499770e-09	-3.064267e-09	-3.811541e+01	-3.621795e+02
9.000000e-08	-4.492970e-09	-3.176233e-09	-3.805780e+01	-3.620124e+02
1.000000e-07	-4.485299e-09	-3.260424e-09	-3.799283e+01	-3.618625e+02
1.100000e-07	-4.476860e-09	-3.193874e-09	-3.792135e+01	-3.617310e+02
1.200000e-07	-4.467685e-09	-3.006053e-09	-3.784363e+01	-3.616169e+02
1.300000e-07	-4.457703e-09	-3.012480e-09	-3.775908e+01	-3.615170e+02
1.400000e-07	-4.446725e-09	-3.266618e-09	-3.766608e+01	-3.614262e+02
1.500000e-07	-4.434785e-09	-3.123858e-09	-3.756495e+01	-3.613374e+02
1.600000e-07	-4.422144e-09	-2.858556e-09	-3.745787e+01	-3.612419e+02
1.700000e-07	-4.408667e-09	-3.106402e-09	-3.734371e+01	-3.611300e+02
1.800000e-07	-4.394062e-09	-3.147355e-09	-3.722000e+01	-3.609913e+02
1.900000e-07	-4.378479e-09	-2.858357e-09	-3.708800e+01	-3.608154e+02
2.000000e-07	-4.362101e-09	-2.990257e-09	-3.694927e+01	-3.605924e+02
2.100000e-07	-4.344933e-09	-3.058653e-09	-3.680385e+01	-3.603132e+02
2.200000e-07	-4.327120e-09	-2.865313e-09	-3.665296e+01	-3.599703e+02
2.300000e-07	-4.308623e-09	-3.012789e-09	-3.649628e+01	-3.595580e+02
2.400000e-07	-4.289335e-09	-3.051800e-09	-3.633290e+01	-3.590724e+02
2.500000e-07	-4.269447e-09	-2.897785e-09	-3.616444e+01	-3.585123e+02
2.600000e-07	-4.248998e-09	-3.060803e-09	-3.599122e+01	-3.578784e+02
2.700000e-07	-4.227785e-09	-3.099240e-09	-3.581153e+01	-3.571738e+02
2.800000e-07	-4.205781e-09	-2.936951e-09	-3.562515e+01	-3.564035e+02
2.900000e-07	-4.183037e-09	-2.955321e-09	-3.543250e+01	-3.555742e+02
3.000000e-07	-4.159604e-09	-2.935307e-09	-3.523400e+01	-3.546938e+02
3.100000e-07	-4.135554e-09	-2.918143e-09	-3.503028e+01	-3.537710e+02
3.200000e-07	-4.110737e-09	-3.008745e-09	-3.482007e+01	-3.528151e+02
3.300000e-07	-4.084901e-09	-2.964592e-09	-3.460123e+01	-3.518350e+02
3.400000e-07	-4.058065e-09	-2.920671e-09	-3.437391e+01	-3.508391e+02
3.500000e-07	-4.030478e-09	-3.001963e-09	-3.414024e+01	-3.498347e+02
3.600000e-07	-4.002312e-09	-2.986509e-09	-3.390165e+01	-3.488278e+02
3.700000e-07	-3.973526e-09	-2.893194e-09	-3.365782e+01	-3.478230e+02
3.800000e-07	-3.944036e-09	-2.894705e-09	-3.340802e+01	-3.468228e+02
3.900000e-07	-3.913838e-09	-2.920753e-09	-3.315223e+01	-3.458281e+02
4.000000e-07	-3.882958e-09	-2.925470e-09	-3.289065e+01	-3.448383e+02
4.100000e-07	-3.851499e-09	-2.956397e-09	-3.262418e+01	-3.438510e+02
4.200000e-07	-3.819602e-09	-2.930903e-09	-3.235400e+01	-3.428625e+02
4.300000e-07	-3.787186e-09	-2.888653e-09	-3.207942e+01	-3.418682e+02
4.400000e-07	-3.753926e-09	-2.911152e-09	-3.179768e+01	-3.408627e+02
4.500000e-07	-3.719612e-09	-2.894533e-09	-3.150702e+01	-3.398404e+02
4.600000e-07	-3.684410e-09	-2.852655e-09	-3.120885e+01	-3.387957e+02
4.700000e-07	-3.648652e-09	-2.855225e-09	-3.090596e+01	-3.377232e+02
4.800000e-07	-3.612446e-09	-2.871189e-09	-3.059927e+01	-3.366183e+02
4.900000e-07	-3.575659e-09	-2.885897e-09	-3.028767e+01	-3.354769e+02
5.000000e-07	-3.538219e-09	-2.872122e-09	-2.997052e+01	-3.342962e+02
5.100000e-07	-3.500138e-09	-2.830533e-09	-2.964796e+01	-3.330740e+02
5.200000e-07	-3.461446e-09	-2.811525e-09	-2.932022e+01	-3.318092e+02
5.300000e-07	-3.422207e-09	-2.819118e-09	-2.898784e+01	-3.305016e+02
5.400000e-07	-3.382531e-09	-2.812026e-09	-2.865177e+01	-3.291516e+02
5.500000e-07	-3.342465e-09	-2.793290e-09	-2.831238e+01	-3.277599e+02
5.600000e-07	-3.301839e-09	-2.792540e-09	-2.796826e+01	-3.263279e+02
5.700000e-07	-3.260382e-09	-2.795509e-09	-2.761710e+01	-3.248567e+02
5.800000e-07	-3.218013e-09	-2.788020e-09	-2.725821e+01	-3.233473e+02
5.900000e-07	-3.174899e-09	-2.762112e-09	-2.689301e+01	-3.218003e+02
6.000000e-07	-3.131251e-09	-2.723161e-09	-2.652329e+01	-3.202159e+02
6.100000e-07	-3.087155e-09	-2.705554e-09	-2.614977e+01	-3.185937e+02
6.200000e-07	-3.042558e-09	-2.709538e-09	-2.577201e+01	-3.169325e+02
6.300000e-07	-2.997397e-09	-2.710891e-09	-2.538948e+01	-3.152309e+02
6.400000e-07	-2.951703e-09	-2.700130e-09	-2.500242e+01	-3.134865e+02
6.500000e-07	-2.905485e-09	-2.682884e-09	-2.461093e+01	-3.116968e+02
6.600000e-07	-2.858722e-09	-2.668532e-09	-2.421482e+01	-3.098592e+02
6.700000e-07	-2.811464e-09	-2.649909e-09	-2.381452e+01	-3.079708e+02
6.800000e-07	-2.763765e-09	-2.620735e-09	-2.341049e+01	-3.060291e+02
6.900000e-07	-2.715594e-09	-2.591023e-09	-2.300245e+01	-3.040316e+02
7.000000e-07	-2.666825e-09	-2.575916e-09	-2.258935e+01	-3.019766e+02
7.100000e-07	-2.617345e-09	-2.574914e-09	-2.217023e+01	-2.998627e+02
7.200000e-07	-2.567130e-09	-2.569328e-09	-2.174488e+01	-2.976893e+02
7.300000e-07	-2.516240e-09	-2.549344e-09	-2.131381e+01	-2.954562e+02
7.400000e-07	-2.464766e-09	-2.521558e-09	-2.087780e+01	-2.931636e+02
7.500000e-07	-2.412798e-09	-2.496464e-09	-2.043761e+01	-2.908122e+02
7.600000e-07	-2.360415e-09	-2.475296e-09	-1.999390e+01	-2.884029e+02
7.700000e-07	-2.307628e-09	-2.452350e-09	-1.954676e+01	-2.859363e+02
7.800000e-07	-2.254438e-09	-2.428281e-09	-1.909621e+01	-2.834130e+02
7.900000e-07	-2.200861e-09	-2.409482e-09	-1.864239e+01	-2.808327e+02
8.000000e-07	-2.146915e-09	-2.397195e-09	-1.818543e+01	-2.781948e+02
8.100000e-07	-2.092621e-09	-2.380091e-09	-1.772553e+01	-2.754974e+02
8.200000e-07	-2.037961e-09	-2.349955e-09	-1.726254e+01	-2.727378e+02
8.300000e-07	-1.982920e-09	-2.315951e-09	-1.679631e+01	-2.699121e+02
8.400000e-07	-1.927575e-09	-2.288408e-09	-1.632751e+01	-2.670153e+02
8.500000e-07	-1.872025e-09	-2.266794e-09	-1.585697e+01	-2.640417e+02
8.600000e-07	-1.816305e-09	-2.244226e-09	-1.538499e+01	-2.609843e+02
8.700000e-07	-1.760396e-09	-2.215600e-09	-1.491141e+01	-2.578359e+02
8.800000e-07	-1.704233e-09	-2.186678e-09	-1.443568e+01	-2.545888e+02
8.900000e-07	-1.647758e-09	-2.160658e-09	-1.395731e+01	-2.512350e+02
9.000000e-07	-1.590970e-09	-2.131376e-09	-1.347628e+01	-2.477669e+02
9.100000e-07	-1.533846e-09	-2.096827e-09	-1.299241e+01	-2.441773e+02
9.200000e-07	-1.476324e-09	-2.061659e-09	-1.250517e+01	-2.404595e+02
9.300000e-07	-1.418381e-09	-2.032558e-09	-1.201436e+01	-2.366075e+02
9.400000e-07	-1.360046e-09	-2.005835e-09	-1.152023e+01	-2.326160e+02
9.500000e-07	-1.301379e-09	-1.973442e-09	-1.102329e+01	-2.284806e+02
9.600000e-07	-1.242405e-09	-1.934048e-09	-1.052375e+01	-2.241970e+02
9.700000e-07	-1.183139e-09	-1.890392e-09	-1.002174e+01	-2.197612e+02
9.800000e-07	-1.123651e-09	-1.846838e-09	-9.517843e+00	-2.151691e+02
9.900000e-07	-1.064020e-09	-1.802502e-09	-9.012741e+00	-2.104157e+02
1.000000e-06	-1.004277e-09	-1.757818e-09	-8.506686e+00	-2.054949e+02
1.010000e-06	-9.444166e-10	-1.716643e-09	-7.999634e+00	-2.003991e+02
1.020000e-06	-8.844462e-10	-1.678688e-09	-7.491653e+00	-1.951183e+02
1.030000e-06	-8.243636e-10	-1.638704e-09	-6.982721e+00	-1.896400e+02
1.040000e-06	-7.641590e-10	-1.590521e-09	-6.472756e+00	-1.839488e+02
1.050000e-06	-7.038330e-10	-1.534090e-09	-5.961763e+00	-1.780264e+02
1.060000e-06	-6.433827e-10	-1.474684e-09	-5.449717e+00	-1.718513e+02
1.070000e-06	-5.828200e-10	-1.416240e-09	-4.936719e+00	-1.653993e+02
1.080000e-06	-5.221560e-10	-1.358643e-09	-4.422863e+00	-1.586440e+02
1.090000e-06	-4.614137e-10	-1.299582e-09	-3.908343e+00	-1.515572e+02
1.100000e-06	-4.005940e-10	-1.239047e-09	-3.393169e+00	-1.441099e+02
1.110000e-06	-3.396968e-10	-1.177714e-09	-2.877338e+00	-1.362735e+02
1.120000e-06	-2.787433e-10	-1.112081e-09	-2.361029e+00	-1.280207e+02
1.130000e-06	-2.177396e-10	-1.036837e-09	-1.844296e+00	-1.193271e+02
1.140000e-06	-1.567014e-10	-9.529364e-10	-1.327270e+00	-1.101723e+02
1.150000e-06	-9.564309e-11	-8.663414e-10	-8.100741e-01	-1.005416e+02
1.160000e-06	-3.458133e-11	-7.799230e-10	-2.928490e-01	-9.042690e+01
1.170000e-06	2.647518e-11	-6.929117e-10	2.243318e-01	-7.982806e+01
1.180000e-06	8.751385e-11	-6.017402e-10	7.413614e-01	-6.875373e+01
1.190000e-06	1.485183e-10	-5.037742e-10	1.258101e+00	-5.722205e+01
1.200000e-06	2.094731e-10	-4.007030e-10	1.774420e+00	-4.526097e+01
1.210000e-06	2.703778e-10	-2.947863e-10	2.290314e+00	-3.290831e+01
1.220000e-06	3.312314e-10	-1.849675e-10	2.805776e+00	-2.021139e+01
1.230000e-06	3.920105e-10	-7.093622e-11	3.320607e+00	-7.226319e+00
1.240000e-06	4.527189e-10	4.488553e-11	3.834840e+00	5.983023e+00
1.250000e-06	5.133375e-10	1.599183e-10	4.348310e+00	1.934636e+01
1.260000e-06	5.738458e-10	2.747868e-10	4.860847e+00	3.278865e+01
1.270000e-06	6.342558e-10	3.917125e-10	5.372552e+00	4.623189e+01
1.280000e-06	6.945611e-10	5.096423e-10	5.883369e+00	5.959713e+01
1.290000e-06	7.547603e-10	6.259144e-10	6.393289e+00	7.280645e+01
1.300000e-06	8.148643e-10	7.383320e-10	6.902401e+00	8.578500e+01
1.310000e-06	8.748702e-10	8.461208e-10	7.410682e+00	9.846287e+01
1.320000e-06	9.347766e-10	9.490654e-10	7.918122e+00	1.107768e+02
1.330000e-06	9.945967e-10	1.048257e-09	8.424829e+00	1.226718e+02
1.340000e-06	1.054321e-09	1.143648e-09	8.930730e+00	1.341018e+02
1.350000e-06	1.113933e-09	1.234137e-09	9.435670e+00	1.450314e+02
1.360000e-06	1.173402e-09	1.320438e-09	9.939407e+00	1.554352e+02
1.370000e-06	1.232692e-09	1.403764e-09	1.044163e+01	1.652987e+02
1.380000e-06	1.291762e-09	1.484630e-09	1.094198e+01	1.746176e+02
1.390000e-06	1.350552e-09	1.561051e-09	1.143996e+01	1.833972e+02
1.400000e-06	1.409015e-09	1.631389e-09	1.193517e+01	1.916513e+02
1.410000e-06	1.467097e-09	1.696103e-09	1.242715e+01	1.994013e+02
1.420000e-06	1.524734e-09	1.757457e-09	1.291537e+01	2.066744e+02
1.430000e-06	1.581924e-09	1.816785e-09	1.339980e+01	2.135023e+02
1.440000e-06	1.638710e-09	1.873182e-09	1.388080e+01	2.199197e+02
1.450000e-06	1.695144e-09	1.926924e-09	1.435883e+01	2.259623e+02
1.460000e-06	1.751279e-09	1.979276e-09	1.483432e+01	2.316660e+02
1.470000e-06	1.807173e-09	2.029755e-09	1.530777e+01	2.370652e+02
1.480000e-06	1.862851e-09	2.076270e-09	1.577940e+01	2.421918e+02
1.490000e-06	1.918294e-09	2.118208e-09	1.624903e+01	2.470742e+02
1.500000e-06	1.973454e-09	2.156922e-09	1.671626e+01	2.517374e+02
1.510000e-06	2.028279e-09	2.193509e-09	1.718066e+01	2.562017e+02
1.520000e-06	2.082739e-09	2.228841e-09	1.764196e+01	2.604836e+02
1.530000e-06	2.136837e-09	2.263067e-09	1.810020e+01	2.645955e+02
1.540000e-06	2.190588e-09	2.295954e-09	1.855550e+01	2.685460e+02
1.550000e-06	2.243979e-09	2.328492e-09	1.900774e+01	2.723411e+02
1.560000e-06	2.296953e-09	2.360334e-09	1.945646e+01	2.759843e+02
1.570000e-06	2.349471e-09	2.389677e-09	1.990132e+01	2.794776e+02
1.580000e-06	2.401533e-09	2.416347e-09	2.034231e+01	2.828222e+02
1.590000e-06	2.453123e-09	2.441284e-09	2.077931e+01	2.860192e+02
1.600000e-06	2.504189e-09	2.466216e-09	2.121186e+01	2.890705e+02
1.610000e-06	2.554617e-09	2.491545e-09	2.163901e+01	2.919787e+02
1.620000e-06	2.604314e-09	2.515225e-09	2.205996e+01	2.947483e+02
1.630000e-06	2.653287e-09	2.536227e-09	2.247480e+01	2.973849e+02
1.640000e-06	2.701661e-09	2.556439e-09	2.288455e+01	2.998963e+02
1.650000e-06	2.749594e-09	2.576828e-09	2.329056e+01	3.022914e+02
1.660000e-06	2.797155e-09	2.596527e-09	2.369343e+01	3.045806e+02
1.670000e-06	2.844315e-09	2.614947e-09	2.409290e+01	3.067750e+02
1.680000e-06	2.890997e-09	2.632772e-09	2.448832e+01	3.088861e+02
1.690000e-06	2.937161e-09	2.650670e-09	2.487935e+01	3.109255e+02
1.700000e-06	2.982815e-09	2.668559e-09	2.526606e+01	3.129041e+02
1.710000e-06	3.027946e-09	2.686125e-09	2.564835e+01	3.148314e+02
1.720000e-06	3.072565e-09	2.702731e-09	2.602630e+01	3.167158e+02
1.730000e-06	3.116757e-09	2.719104e-09	2.640062e+01	3.185637e+02
1.740000e-06	3.160606e-09	2.735251e-09	2.677205e+01	3.203795e+02
1.750000e-06	3.204083e-09	2.749838e-09	2.714032e+01	3.221656e+02
1.760000e-06	3.247007e-09	2.761646e-09	2.750391e+01	3.239222e+02
1.770000e-06	3.289141e-09	2.772946e-09	2.786080e+01	3.256479e+02
1.780000e-06	3.330383e-09	2.786246e-09	2.821014e+01	3.273397e+02
1.790000e-06	3.370856e-09	2.802028e-09	2.855297e+01	3.289934e+02
1.800000e-06	3.410775e-09	2.818222e-09	2.889110e+01	3.306042e+02
1.810000e-06	3.450245e-09	2.831116e-09	2.922543e+01	3.321670e+02
1.820000e-06	3.489209e-09	2.841507e-09	2.955548e+01	3.336770e+02
1.830000e-06	3.527594e-09	2.851927e-09	2.988062e+01	3.351302e+02
1.840000e-06	3.565354e-09	2.863501e-09	3.020047e+01	3.365234e+02
1.850000e-06	3.602445e-09	2.874673e-09	3.051465e+01	3.378551e+02
1.860000e-06	3.638915e-09	2.885265e-09	3.082357e+01	3.391251e+02
1.870000e-06	3.674895e-09	2.895905e-09	3.112833e+01	3.403347e+02
1.880000e-06	3.710419e-09	2.906783e-09	3.142924e+01	3.414869e+02
1.890000e-06	3.745308e-09	2.917046e-09	3.172477e+01	3.425859e+02
1.900000e-06	3.779295e-09	2.926100e-09	3.201266e+01	3.436371e+02
1.910000e-06	3.812302e-09	2.934856e-09	3.229224e+01	3.446465e+02
1.920000e-06	3.844525e-09	2.944089e-09	3.256518e+01	3.456207e+02
1.930000e-06	3.876172e-09	2.954017e-09	3.283325e+01	3.465659e+02
1.940000e-06	3.907248e-09	2.963332e-09	3.309648e+01	3.474880e+02
1.950000e-06	3.937681e-09	2.971961e-09	3.335426e+01	3.483920e+02
1.960000e-06	3.967447e-09	2.979664e-09	3.360640e+01	3.492817e+02
1.970000e-06	3.996514e-09	2.986961e-09	3.385261e+01	3.501595e+02
1.980000e-06	4.024918e-09	2.994007e-09	3.409320e+01	3.510263e+02
1.990000e-06	4.052804e-09	3.001012e-09	3.432941e+01	3.518815e+02
2.000000e-06	4.080143e-09	3.009069e-09	3.456099e+01	3.527228e+02
2.010000e-06	4.106646e-09	3.018052e-09	3.478548e+01	3.535468e+02
2.020000e-06	4.132101e-09	3.027456e-09	3.500110e+01	3.543492e+02
2.030000e-06	4.156599e-09	3.036317e-09	3.520861e+01	3.551249e+02
2.040000e-06	4.180360e-09	3.043427e-09	3.540987e+01	3.558685e+02
2.050000e-06	4.203461e-09	3.048084e-09	3.560555e+01	3.565749e+02
2.060000e-06	4.225872e-09	3.051134e-09	3.579538e+01	3.572395e+02
2.070000e-06	4.247584e-09	3.054253e-09	3.597929e+01	3.578587e+02
2.080000e-06	4.268573e-09	3.058805e-09	3.615708e+01	3.584301e+02
2.090000e-06	4.288902e-09	3.066416e-09	3.632928e+01	3.589526e+02
2.100000e-06	4.308699e-09	3.075546e-09	3.649697e+01	3.594268e+02
2.110000e-06	4.327920e-09	3.082886e-09	3.665978e+01	3.598549e+02
2.120000e-06	4.346366e-09	3.088095e-09	3.681603e+01	3.602403e+02
2.130000e-06	4.363952e-09	3.091754e-09	3.696499e+01	3.605881e+02
2.140000e-06	4.380787e-09	3.095028e-09	3.710759e+01	3.609039e+02
2.150000e-06	4.396884e-09	3.098914e-09	3.724394e+01	3.611942e+02
2.160000e-06	4.412071e-09	3.103806e-09	3.737258e+01	3.614655e+02
2.170000e-06	4.426333e-09	3.109562e-09	3.749339e+01	3.617243e+02
2.180000e-06	4.439779e-09	3.114998e-09	3.760728e+01	3.619763e+02
2.190000e-06	4.452441e-09	3.119705e-09	3.771453e+01	3.622261e+02
2.200000e-06	4.464320e-09	3.123572e-09	3.781515e+01	3.624771e+02
2.210000e-06	4.475324e-09	3.127334e-09	3.790836e+01	3.627312e+02
2.220000e-06	4.485239e-09	3.131367e-09	3.799234e+01	3.629887e+02
2.230000e-06	4.494052e-09	3.136051e-09	3.806699e+01	3.632479e+02
2.240000e-06	4.502043e-09	3.141222e-09	3.813468e+01	3.635059e+02
2.250000e-06	4.509375e-09	3.144754e-09	3.819679e+01	3.637583e+02
2.260000e-06	4.515972e-09	3.145720e-09	3.825266e+01	3.639997e+02
2.270000e-06	4.521766e-09	3.145648e-09	3.830175e+01	3.642240e+02
2.280000e-06	4.526764e-09	3.146781e-09	3.834408e+01	3.644250e+02
2.290000e-06	4.531048e-09	3.149210e-09	3.838036e+01	3.645965e+02
2.300000e-06	4.534727e-09	3.152939e-09	3.841152e+01	3.647330e+02
2.310000e-06	4.537653e-09	3.158048e-09	3.843631e+01	3.648304e+02
2.320000e-06	4.539521e-09	3.163993e-09	3.845213e+01	3.648855e+02
2.330000e-06	4.540323e-09	3.169712e-09	3.845892e+01	3.648972e+02
2.340000e-06	4.540333e-09	3.172192e-09	3.845901e+01	3.648658e+02
2.350000e-06	4.539696e-09	3.169636e-09	3.845362e+01	3.647937e+02
2.360000e-06	4.538364e-09	3.162414e-09	3.844233e+01	3.646848e+02
2.370000e-06	4.536315e-09	3.157270e-09	3.842497e+01	3.645447e+02
2.380000e-06	4.533554e-09	3.155083e-09	3.840158e+01	3.643801e+02
2.390000e-06	4.530098e-09	3.151755e-09	3.837231e+01	3.641985e+02
2.400000e-06	4.526085e-09	3.156048e-09	3.833832e+01	3.640077e+02
2.410000e-06	4.521540e-09	3.188596e-09	3.829982e+01	3.638153e+02
2.420000e-06	4.516224e-09	3.204929e-09	3.825479e+01	3.636283e+02
2.430000e-06	4.509906e-09	3.082922e-09	3.820127e+01	3.634525e+02
2.440000e-06	4.502475e-09	2.955875e-09	3.813832e+01	3.632923e+02
2.450000e-06	4.493881e-09	3.007269e-09	3.806553e+01	3.631499e+02
2.460000e-06	4.484286e-09	3.205160e-09	3.798425e+01	3.630258e+02
2.470000e-06	4.474154e-09	3.200088e-09	3.789843e+01	3.629181e+02
2.480000e-06	4.463757e-09	2.946682e-09	3.781036e+01	3.628226e+02
2.490000e-06	4.452693e-09	3.108649e-09	3.771664e+01	3.627334e+02
2.500000e-06	4.440620e-09	3.350373e-09	3.761438e+01	3.626426e+02
2.510000e-06	4.427813e-09	3.047183e-09	3.750589e+01	3.625411e+02
2.520000e-06	4.414176e-09	3.010161e-09	3.739037e+01	3.624187e+02
2.530000e-06	4.399275e-09	3.328463e-09	3.726416e+01	3.622652e+02
2.540000e-06	4.383377e-09	3.156994e-09	3.712949e+01	3.620701e+02
2.550000e-06	4.366801e-09	3.066306e-09	3.698908e+01	3.618239e+02
2.560000e-06	4.349451e-09	3.312661e-09	3.684212e+01	3.615182e+02
2.570000e-06	4.331438e-09	3.169187e-09	3.668954e+01	3.611460e+02
2.580000e-06	4.312814e-09	3.122829e-09	3.653178e+01	3.607025e+02
2.590000e-06	4.293414e-09	3.268476e-09	3.636745e+01	3.601850e+02
2.600000e-06	4.273343e-09	3.069760e-09	3.619744e+01	3.595930e+02
2.610000e-06	4.252590e-09	3.108611e-09	3.602165e+01	3.589283e+02
2.620000e-06	4.230861e-09	3.243140e-09	3.583759e+01	3.581947e+02
2.630000e-06	4.208105e-09	3.081880e-09	3.564483e+01	3.573981e+02
2.640000e-06	4.184503e-09	3.148395e-09	3.544491e+01	3.565458e+02
2.650000e-06	4.160268e-09	3.124725e-09	3.523963e+01	3.556460e+02
2.660000e-06	4.135469e-09	2.950714e-09	3.502957e+01	3.547078e+02
2.670000e-06	4.109903e-09	3.069427e-09	3.481301e+01	3.537403e+02
2.680000e-06	4.083495e-09	3.051412e-09	3.458932e+01	3.527523e+02
2.690000e-06	4.056384e-09	2.953002e-09	3.435967e+01	3.517517e+02
2.700000e-06	4.028654e-09	3.023822e-09	3.412478e+01	3.507454e+02
2.710000e-06	4.000368e-09	3.048024e-09	3.388518e+01	3.497387e+02
2.720000e-06	3.971378e-09	3.047204e-09	3.363962e+01	3.487354e+02
2.730000e-06	3.941390e-09	3.008786e-09	3.338561e+01	3.477373e+02
2.740000e-06	3.910396e-09	2.976639e-09	3.312308e+01	3.467447e+02
2.750000e-06	3.878662e-09	2.953305e-09	3.285427e+01	3.457561e+02
2.760000e-06	3.846370e-09	2.933463e-09	3.258074e+01	3.447685e+02
2.770000e-06	3.813470e-09	2.968981e-09	3.230206e+01	3.437779e+02
2.780000e-06	3.779905e-09	2.929437e-09	3.201774e+01	3.427792e+02
2.790000e-06	3.745731e-09	2.937864e-09	3.172827e+01	3.417671e+02
2.800000e-06	3.710982e-09	2.975710e-09	3.143393e+01	3.407356e+02
2.810000e-06	3.675660e-09	2.925275e-09	3.113473e+01	3.396795e+02
2.820000e-06	3.639821e-09	2.914503e-09	3.083115e+01	3.385934e+02
2.830000e-06	3.603501e-09	2.866494e-09	3.052350e+01	3.374731e+02
2.840000e-06	3.566531e-09	2.845753e-09	3.021035e+01	3.363151e+02
2.850000e-06	3.528652e-09	2.883995e-09	2.988950e+01	3.351166e+02
2.860000e-06	3.489836e-09	2.863076e-09	2.956070e+01	3.338761e+02
2.870000e-06	3.450291e-09	2.852134e-09	2.922573e+01	3.325928e+02
2.880000e-06	3.410246e-09	2.838108e-09	2.888653e+01	3.312668e+02
2.890000e-06	3.369755e-09	2.826325e-09	2.854355e+01	3.298986e+02
2.900000e-06	3.328713e-09	2.813505e-09	2.819590e+01	3.284894e+02
2.910000e-06	3.287102e-09	2.786607e-09	2.784343e+01	3.270403e+02
2.920000e-06	3.244981e-09	2.772904e-09	2.748665e+01	3.255524e+02
2.930000e-06	3.202358e-09	2.754579e-09	2.712561e+01	3.240267e+02
2.940000e-06	3.159189e-09	2.761473e-09	2.675994e+01	3.224636e+02
2.950000e-06	3.115507e-09	2.753208e-09	2.638993e+01	3.208629e+02
2.960000e-06	3.071412e-09	2.726061e-09	2.601642e+01	3.192241e+02
2.970000e-06	3.026902e-09	2.707036e-09	2.563940e+01	3.175457e+02
2.980000e-06	2.981869e-09	2.684176e-09	2.525794e+01	3.158259e+02
2.990000e-06	2.936199e-09	2.677863e-09	2.487110e+01	3.140624e+02
3.000000e-06	2.889905e-09	2.660886e-09	2.447896e+01	3.122525e+02
3.010000e-06	2.843091e-09	2.642435e-09	2.408242e+01	3.103934e+02
3.020000e-06	2.795839e-09	2.630416e-09	2.368217e+01	3.084824e+02
3.030000e-06	2.748140e-09	2.615741e-09	2.327814e+01	3.065169e+02
3.040000e-06	2.699899e-09	2.599580e-09	2.286951e+01	3.044950e+02
3.050000e-06	2.651045e-09	2.571555e-09	2.245569e+01	3.024149e+02
3.060000e-06	2.601595e-09	2.548877e-09	2.203682e+01	3.002755e+02
3.070000e-06	2.551637e-09	2.530940e-09	2.161364e+01	2.980764e+02
3.080000e-06	2.501225e-09	2.518502e-09	2.118663e+01	2.958177e+02
3.090000e-06	2.450366e-09	2.501117e-09	2.075582e+01	2.934998e+02
3.100000e-06	2.399047e-09	2.475032e-09	2.032113e+01	2.911234e+02
3.110000e-06	2.347300e-09	2.452918e-09	1.988281e+01	2.886894e+02
3.120000e-06	2.295155e-09	2.433201e-09	1.944111e+01	2.861983e+02
3.130000e-06	2.242572e-09	2.415700e-09	1.899570e+01	2.836505e+02
3.140000e-06	2.189450e-09	2.388665e-09	1.854573e+01	2.810456e+02
3.150000e-06	2.135727e-09	2.360732e-09	1.809067e+01	2.783823e+02
3.160000e-06	2.081407e-09	2.340037e-09	1.763055e+01	2.756586e+02
3.170000e-06	2.026548e-09	2.318936e-09	1.716586e+01	2.728710e+02
3.180000e-06	1.971237e-09	2.292438e-09	1.669735e+01	2.700155e+02
3.190000e-06	1.915589e-09	2.260211e-09	1.622599e+01	2.670865e+02
3.200000e-06	1.859690e-09	2.231517e-09	1.575248e+01	2.640778e+02
3.210000e-06	1.803564e-09	2.208468e-09	1.527707e+01	2.609823e+02
3.220000e-06	1.747224e-09	2.186249e-09	1.479984e+01	2.577926e+02
3.230000e-06	1.690653e-09	2.158883e-09	1.432065e+01	2.545007e+02
3.240000e-06	1.633829e-09	2.130108e-09	1.383932e+01	2.510990e+02
3.250000e-06	1.576731e-09	2.102069e-09	1.335568e+01	2.475798e+02
3.260000e-06	1.519337e-09	2.071007e-09	1.286952e+01	2.439362e+02
3.270000e-06	1.461669e-09	2.034732e-09	1.238104e+01	2.401617e+02
3.280000e-06	1.403766e-09	1.994675e-09	1.189057e+01	2.362508e+02
3.290000e-06	1.345636e-09	1.959238e-09	1.139818e+01	2.321984e+02
3.300000e-06	1.287262e-09	1.928931e-09	1.090372e+01	2.280002e+02
3.310000e-06	1.228619e-09	1.897804e-09	1.040698e+01	2.236521e+02
3.320000e-06	1.169725e-09	1.863235e-09	9.908115e+00	2.191502e+02
3.330000e-06	1.110616e-09	1.826028e-09	9.407430e+00	2.144898e+02
3.340000e-06	1.051310e-09	1.785061e-09	8.905079e+00	2.096658e+02
3.350000e-06	9.918266e-10	1.740230e-09	8.401224e+00	2.046714e+02
3.360000e-06	9.321931e-10	1.691885e-09	7.896096e+00	1.994979e+02
3.370000e-06	8.724321e-10	1.640628e-09	7.389888e+00	1.941345e+02
3.380000e-06	8.125561e-10	1.591364e-09	6.882707e+00	1.885673e+02
3.390000e-06	7.525690e-10	1.544789e-09	6.374584e+00	1.827798e+02
3.400000e-06	6.924844e-10	1.497049e-09	5.865635e+00	1.767523e+02
3.410000e-06	6.323190e-10	1.444577e-09	5.356002e+00	1.704621e+02
3.420000e-06	5.720815e-10	1.386672e-09	4.845759e+00	1.638840e+02
3.430000e-06	5.117770e-10	1.326022e-09	4.334947e+00	1.569909e+02
3.440000e-06	4.513946e-10	1.263811e-09	3.823476e+00	1.497539e+02
3.450000e-06	3.909346e-10	1.198015e-09	3.311349e+00	1.421442e+02
3.460000e-06	3.304183e-10	1.127593e-09	2.798743e+00	1.341335e+02
3.470000e-06	2.698578e-10	1.054481e-09	2.285764e+00	1.256957e+02
3.480000e-06	2.092628e-10	9.793645e-10	1.772492e+00	1.168079e+02
3.490000e-06	1.486337e-10	9.010024e-10	1.258932e+00	1.074520e+02
3.500000e-06	8.798842e-11	8.185063e-10	7.452348e-01	9.761589e+01
3.510000e-06	2.734217e-11	7.306478e-10	2.315292e-01	8.729477e+01
3.520000e-06	-3.329614e-11	6.388829e-10	-2.821092e-01	7.649214e+01
3.530000e-06	-9.390330e-11	5.448850e-10	-7.954837e-01	6.522063e+01
3.540000e-06	-1.544809e-10	4.470835e-10	-1.308607e+00	5.350252e+01
3.550000e-06	-2.150246e-10	3.443410e-10	-1.821444e+00	4.136997e+01
3.560000e-06	-2.755263e-10	2.372102e-10	-2.333925e+00	2.886490e+01
3.570000e-06	-3.359714e-10	1.270783e-10	-2.845928e+00	1.603845e+01
3.580000e-06	-3.963480e-10	1.485621e-11	-3.357350e+00	2.950177e+00
3.590000e-06	-4.566625e-10	-1.002753e-10	-3.868246e+00	-1.033315e+01
3.600000e-06	-5.169113e-10	-2.167197e-10	-4.378585e+00	-2.373903e+01
3.610000e-06	-5.770932e-10	-3.320496e-10	-4.888357e+00	-3.719095e+01
3.620000e-06	-6.372088e-10	-4.459626e-10	-5.397569e+00	-5.061028e+01
3.630000e-06	-6.972521e-10	-5.592244e-10	-5.906167e+00	-6.391827e+01
3.640000e-06	-7.572249e-10	-6.721956e-10	-6.414169e+00	-7.703807e+01
3.650000e-06	-8.171121e-10	-7.830799e-10	-6.921445e+00	-8.989674e+01
3.660000e-06	-8.768983e-10	-8.912912e-10	-7.427866e+00	-1.024270e+02
3.670000e-06	-9.365711e-10	-9.967305e-10	-7.933326e+00	-1.145690e+02
3.680000e-06	-9.961090e-10	-1.099435e-09	-8.437644e+00	-1.262713e+02
3.690000e-06	-1.055506e-09	-1.198286e-09	-8.940768e+00	-1.374924e+02
3.700000e-06	-1.114735e-09	-1.290628e-09	-9.442467e+00	-1.482011e+02
3.710000e-06	-1.173761e-09	-1.375955e-09	-9.942452e+00	-1.583767e+02
3.720000e-06	-1.232573e-09	-1.456527e-09	-1.044062e+01	-1.680089e+02
3.730000e-06	-1.291167e-09	-1.534170e-09	-1.093694e+01	-1.770978e+02
3.740000e-06	-1.349538e-09	-1.607193e-09	-1.143137e+01	-1.856523e+02
3.750000e-06	-1.407678e-09	-1.674346e-09	-1.192385e+01	-1.936897e+02
3.760000e-06	-1.465567e-09	-1.737005e-09	-1.241420e+01	-2.012339e+02
3.770000e-06	-1.523184e-09	-1.797986e-09	-1.290224e+01	-2.083143e+02
3.780000e-06	-1.580518e-09	-1.857119e-09	-1.338789e+01	-2.149640e+02
3.790000e-06	-1.637550e-09	-1.913544e-09	-1.387098e+01	-2.212182e+02
3.800000e-06	-1.694286e-09	-1.966023e-09	-1.435156e+01	-2.271131e+02
3.810000e-06	-1.750753e-09	-2.013796e-09	-1.482987e+01	-2.326839e+02
3.820000e-06	-1.806983e-09	-2.059337e-09	-1.530617e+01	-2.379640e+02
3.830000e-06	-1.862991e-09	-2.101819e-09	-1.578059e+01	-2.429841e+02
3.840000e-06	-1.918752e-09	-2.141869e-09	-1.625291e+01	-2.477710e+02
3.850000e-06	-1.974213e-09	-2.181182e-09	-1.672269e+01	-2.523479e+02
3.860000e-06	-2.029265e-09	-2.219116e-09	-1.718902e+01	-2.567333e+02
3.870000e-06	-2.083788e-09	-2.255678e-09	-1.765085e+01	-2.609420e+02
3.880000e-06	-2.137703e-09	-2.291172e-09	-1.810754e+01	-2.649848e+02
3.890000e-06	-2.190996e-09	-2.325584e-09	-1.855896e+01	-2.688690e+02
3.900000e-06	-2.243731e-09	-2.357432e-09	-1.900565e+01	-2.725996e+02
3.910000e-06	-2.295980e-09	-2.387110e-09	-1.944823e+01	-2.761792e+02
3.920000e-06	-2.347784e-09	-2.415219e-09	-1.988703e+01	-2.796094e+02
3.930000e-06	-2.399149e-09	-2.442790e-09	-2.032212e+01	-2.828914e+02
3.940000e-06	-2.450061e-09	-2.470556e-09	-2.075337e+01	-2.860265e+02
3.950000e-06	-2.500522e-09	-2.495303e-09	-2.118080e+01	-2.890168e+02
3.960000e-06	-2.550503e-09	-2.517415e-09	-2.160417e+01	-2.918658e+02
3.970000e-06	-2.599928e-09	-2.539491e-09	-2.202282e+01	-2.945784e+02
3.980000e-06	-2.648703e-09	-2.562230e-09	-2.243596e+01	-2.971611e+02
3.990000e-06	-2.696769e-09	-2.584232e-09	-2.284311e+01	-2.996223e+02
4.000000e-06	-2.744191e-09	-2.604191e-09	-2.324480e+01	-3.019714e+02
4.010000e-06	-2.791101e-09	-2.623876e-09	-2.364215e+01	-3.042192e+02
4.020000e-06	-2.837610e-09	-2.644372e-09	-2.403611e+01	-3.063772e+02
4.030000e-06	-2.883762e-09	-2.664463e-09	-2.442704e+01	-3.084569e+02
4.040000e-06	-2.929499e-09	-2.682121e-09	-2.481446e+01	-3.104695e+02
4.050000e-06	-2.974746e-09	-2.697359e-09	-2.519772e+01	-3.124255e+02
4.060000e-06	-3.019493e-09	-2.712613e-09	-2.557675e+01	-3.143340e+02
4.070000e-06	-3.063803e-09	-2.729342e-09	-2.595208e+01	-3.162026e+02
4.080000e-06	-3.107743e-09	-2.747155e-09	-2.632428e+01	-3.180367e+02
4.090000e-06	-3.151281e-09	-2.764330e-09	-2.669306e+01	-3.198400e+02
4.100000e-06	-3.194322e-09	-2.780444e-09	-2.705764e+01	-3.216139e+02
4.110000e-06	-3.236830e-09	-2.796484e-09	-2.741770e+01	-3.233580e+02
4.120000e-06	-3.278797e-09	-2.811579e-09	-2.777319e+01	-3.250699e+02
4.130000e-06	-3.320202e-09	-2.824567e-09	-2.812391e+01	-3.267463e+02
4.140000e-06	-3.361045e-09	-2.835226e-09	-2.846987e+01	-3.283826e+02
4.150000e-06	-3.401387e-09	-2.845326e-09	-2.881158e+01	-3.299738e+02
4.160000e-06	-3.441275e-09	-2.856196e-09	-2.914946e+01	-3.315149e+02
4.170000e-06	-3.480616e-09	-2.867571e-09	-2.948269e+01	-3.330015e+02
4.180000e-06	-3.519199e-09	-2.879658e-09	-2.980951e+01	-3.344297e+02
4.190000e-06	-3.556884e-09	-2.892328e-09	-3.012872e+01	-3.357972e+02
4.200000e-06	-3.593737e-09	-2.904714e-09	-3.044089e+01	-3.371028e+02
4.210000e-06	-3.629959e-09	-2.916245e-09	-3.074770e+01	-3.383471e+02
4.220000e-06	-3.665657e-09	-2.927032e-09	-3.105009e+01	-3.395322e+02
4.230000e-06	-3.700776e-09	-2.937799e-09	-3.134757e+01	-3.406614e+02
4.240000e-06	-3.735253e-09	-2.948320e-09	-3.163960e+01	-3.417397e+02
4.250000e-06	-3.769071e-09	-2.958055e-09	-3.192606e+01	-3.427727e+02
4.260000e-06	-3.802217e-09	-2.967666e-09	-3.220682e+01	-3.437667e+02
4.270000e-06	-3.834749e-09	-2.977799e-09	-3.248238e+01	-3.447281e+02
4.280000e-06	-3.866755e-09	-2.987498e-09	-3.275349e+01	-3.456632e+02
4.290000e-06	-3.898153e-09	-2.995832e-09	-3.301944e+01	-3.465774e+02
4.300000e-06	-3.928683e-09	-3.003220e-09	-3.327805e+01	-3.474752e+02
4.310000e-06	-3.958199e-09	-3.009992e-09	-3.352806e+01	-3.483600e+02
4.320000e-06	-3.986852e-09	-3.016988e-09	-3.377077e+01	-3.492334e+02
4.330000e-06	-4.014894e-09	-3.023275e-09	-3.400829e+01	-3.500957e+02
4.340000e-06	-4.042369e-09	-3.027492e-09	-3.424103e+01	-3.509455e+02
4.350000e-06	-4.069165e-09	-3.031277e-09	-3.446800e+01	-3.517802e+02
4.360000e-06	-4.095223e-09	-3.036116e-09	-3.468872e+01	-3.525959e+02
4.370000e-06	-4.120533e-09	-3.042032e-09	-3.490311e+01	-3.533878e+02
4.380000e-06	-4.145169e-09	-3.048604e-09	-3.511179e+01	-3.541507e+02
4.390000e-06	-4.169271e-09	-3.054984e-09	-3.531595e+01	-3.548793e+02
4.400000e-06	-4.192800e-09	-3.060670e-09	-3.551525e+01	-3.555688e+02
4.410000e-06	-4.215473e-09	-3.065874e-09	-3.570730e+01	-3.562147e+02
4.420000e-06	-4.237076e-09	-3.070445e-09	-3.589029e+01	-3.568140e+02
4.430000e-06	-4.257756e-09	-3.073745e-09	-3.606546e+01	-3.573649e+02
4.440000e-06	-4.277796e-09	-3.075854e-09	-3.623520e+01	-3.578669e+02
4.450000e-06	-4.297244e-09	-3.077737e-09	-3.639994e+01	-3.583215e+02
4.460000e-06	-4.315999e-09	-3.080633e-09	-3.655881e+01	-3.587312e+02
4.470000e-06	-4.334028e-09	-3.084452e-09	-3.671152e+01	-3.591003e+02
4.480000e-06	-4.351329e-09	-3.087868e-09	-3.685807e+01	-3.594340e+02
4.490000e-06	-4.367943e-09	-3.089996e-09	-3.699880e+01	-3.597385e+02
4.500000e-06	-4.383953e-09	-3.091675e-09	-3.713441e+01	-3.600202e+02
4.510000e-06	-4.399228e-09	-3.094032e-09	-3.726379e+01	-3.602858e+02
4.520000e-06	-4.413427e-09	-3.095850e-09	-3.738406e+01	-3.605414e+02
4.530000e-06	-4.426466e-09	-3.095735e-09	-3.749451e+01	-3.607922e+02
4.540000e-06	-4.438560e-09	-3.094730e-09	-3.759695e+01	-3.610425e+02
4.550000e-06	-4.449842e-09	-3.094361e-09	-3.769251e+01	-3.612951e+02
4.560000e-06	-4.460336e-09	-3.094559e-09	-3.778141e+01	-3.615510e+02
4.570000e-06	-4.470064e-09	-3.094131e-09	-3.786380e+01	-3.618097e+02
4.580000e-06	-4.479039e-09	-3.093373e-09	-3.793982e+01	-3.620691e+02
4.590000e-06	-4.487347e-09	-3.093535e-09	-3.801019e+01	-3.623256e+02
4.600000e-06	-4.495020e-09	-3.095317e-09	-3.807519e+01	-3.625743e+02
4.610000e-06	-4.501826e-09	-3.097273e-09	-3.813284e+01	-3.628094e+02
4.620000e-06	-4.507530e-09	-3.097148e-09	-3.818115e+01	-3.630248e+02
4.630000e-06	-4.512257e-09	-3.094739e-09	-3.822120e+01	-3.632141e+02
4.640000e-06	-4.516270e-09	-3.090755e-09	-3.825519e+01	-3.633716e+02
4.650000e-06	-4.519617e-09	-3.086601e-09	-3.828353e+01	-3.634922e+02
4.660000e-06	-4.522231e-09	-3.083371e-09	-3.830568e+01	-3.635721e+02
4.670000e-06	-4.524082e-09	-3.079860e-09	-3.832136e+01	-3.636090e+02
4.680000e-06	-4.525158e-09	-3.076112e-09	-3.833047e+01	-3.636025e+02
4.690000e-06	-4.525569e-09	-3.075718e-09	-3.833394e+01	-3.635536e+02
